patient.BodyRegulation=0.1649089368548621
patient.GSetpoint=71.53072646165764
patient.Food2Sugar=5.41951152626381
